<<<<<<< HEAD
4
00 15 00 01 00 02 10 14 12 00 00 00 00 00 00 00
00 06 03 16 12 00 08 04 14 15 01 00 02 00 00 00
14 00 09 07 11 03 15 00 00 00 00 00 00 00 00 00
04 13 02 12 00 00 00 00 06 00 00 00 00 15 00 00
00 00 00 00 14 01 11 07 03 05 10 00 00 08 00 12
03 16 00 00 02 04 00 00 00 14 07 13 00 00 05 15
11 00 05 00 00 00 00 00 00 09 04 00 00 06 00 00
00 00 00 00 13 00 16 05 15 00 00 12 00 00 00 00
00 00 00 00 09 00 01 12 00 08 03 10 11 00 15 00
02 12 00 11 00 00 14 03 05 04 00 00 00 00 09 00
06 03 00 04 00 00 13 00 00 11 09 01 00 12 16 02
00 00 10 09 00 00 00 00 00 00 12 00 08 00 06 07
12 08 00 00 16 00 00 10 00 13 00 00 00 05 00 00
05 00 00 00 03 00 04 06 00 01 15 00 00 00 00 00
00 09 01 06 00 14 00 11 00 00 02 00 00 00 10 08
00 14 00 00 00 13 09 00 04 12 11 08 00 00 02 00
=======
0 15 0 1 0 2 10 14 12 0 0 0 0 0 0 0
0 6 3 16 12 0 8 4 14 15 1 0 2 0 0 0
14 0 9 7 11 3 15 0 0 0 0 0 0 0 0 0
4 13 2 12 0 0 0 0 6 0 0 0 0 15 0 0
0 0 0 0 14 1 11 7 3 5 10 0 0 8 0 12
3 16 0 0 2 4 0 0 0 14 7 13 0 0 5 15
11 0 5 0 0 0 0 0 0 9 4 0 0 6 0 0
0 0 0 0 13 0 16 5 15 0 0 12 0 0 0 0
0 0 0 0 9 0 1 12 0 8 3 10 11 0 15 0
2 12 0 11 0 0 14 3 5 4 0 0 0 0 9 0
6 3 0 4 0 0 13 0 0 11 9 1 0 12 16 2
0 0 10 9 0 0 0 0 0 0 12 0 8 0 6 7
12 8 0 0 16 0 0 10 0 13 0 0 0 5 0 0
5 0 0 0 3 0 4 6 0 1 15 0 0 0 0 0
0 9 1 6 0 14 0 11 0 0 2 0 0 0 10 8
0 14 0 0 0 13 9 0 4 12 11 8 0 0 2 0
>>>>>>> 9f483451fef8d8912a3c9021b344444f5c1b45dd
