4
00 15 00 01 00 02 10 14 12 00 00 00 00 00 00 00
00 06 03 16 12 00 08 04 14 15 01 00 02 00 00 00
14 00 09 07 11 03 15 00 00 00 00 00 00 00 00 00
04 13 02 12 00 00 00 00 06 00 00 00 00 15 00 00
00 00 00 00 14 01 11 07 03 05 10 00 00 08 00 12
03 16 00 00 02 04 00 00 00 14 07 13 00 00 05 15
11 00 05 00 00 00 00 00 00 09 04 00 00 06 00 00
00 00 00 00 13 00 16 05 15 00 00 12 00 00 00 00
00 00 00 00 09 00 01 12 00 08 03 10 11 00 15 00
02 12 00 11 00 00 14 03 05 04 00 00 00 00 09 00
06 03 00 04 00 00 13 00 00 11 09 01 00 12 16 02
00 00 10 09 00 00 00 00 00 00 12 00 08 00 06 07
12 08 00 00 16 00 00 10 00 13 00 00 00 05 00 00
05 00 00 00 03 00 04 06 00 01 15 00 00 00 00 00
00 09 01 06 00 14 00 11 00 00 02 00 00 00 10 08
00 14 00 00 00 13 09 00 04 12 11 08 00 00 02 00