4
0 0 3 9 0 4 5 0 0 16 10 0 2 6 0 0
0 0 0 13 0 0 0 0 1 0 0 0 7 0 0 0
0 5 0 0 0 0 0 0 0 0 0 0 0 0 1 0
0 0 0 4 3 0 0 16 9 0 2 5 10 0 0 12
7 0 0 3 13 5 0 0 0 0 9 15 1 0 0 6
0 2 5 0 0 0 1 4 0 14 0 0 0 3 0 0
0 0 0 0 6 11 16 0 0 5 3 8 0 0 0 0
16 6 0 0 0 0 0 3 2 0 0 0 15 0 5 9
1 4 0 0 0 0 0 5 12 0 0 0 8 0 7 15
0 0 0 0 14 16 8 0 0 2 4 7 0 0 0 0 
0 14 12 0 0 0 3 2 0 9 0 0 0 4 11 0 
2 0 0 10 0 13 0 0 0 0 0 1 5 0 0 16
11 0 0 8 5 12 0 7 14 0 13 9 16 0 0 10
0 10 0 0 0 0 0 0 0 0 0 0 0 0 13 0
0 0 0 1 0 0 0 8 10 0 0 0 14 0 0 0
0 0 14 2 0 15 13 0 0 7 1 0 3 5 0 0 