5
10 22 14 11 03 24 19 13 0 18 23 20 25 0 0 0 21 0 1 0 0 0 0 12 5
0 2 0 12 0 17 15 1 25 10 0 3 13 0 7 0 5 16 0 0 11 18 24 4 0
0 0 0 0 0 0 0 0 0 0 24 12 15 11 0 0 0 0 2 0 10 25 6 1 9
0 0 0 9 0 0 0 23 0 5 0 0 19 0 0 0 7 12 0 0 17 0 20 0 0
0 0 5 0 16 12 6 20 8 0 0 0 0 0 0 10 0 0 0 0 0 2 19 0 0
5 0 0 20 0 0 0 9 14 6 0 0 0 0 17 1 0 0 0 0 0 23 16 11 0
24 0 16 0 0 0 0 19 15 0 0 5 18 1 0 8 0 25 6 0 0 0 12 0 0
15 11 12 14 0 1 23 0 17 0 0 0 0 24 20 13 0 0 3 0 0 0 0 0 4
0 18 19 13 0 0 0 10 0 3 2 0 9 6 0 16 0 23 0 21 0 0 0 24 0
0 0 1 6 9 0 24 0 0 12 0 16 22 0 0 20 19 0 17 0 0 0 2 0 0
0 0 0 0 0 0 0 21 0 0 0 24 0 3 13 18 11 17 0 0 0 0 22 0 1
0 0 17 22 15 02 12 06 16 09 10 19 08 18 01 05 04 14 23 03 20 24 11 07 25 
0 0 0 0 12 18 17 0 22 20 07 15 0 14 2 21 8 0 13 1 19 0 9 0 0
0 14 0 0 0 15 3 4 7 0 5 0 0 0 0 0 6 0 0 22 8 0 21 0 2
06 16 03 19 25 13 08 11 23 01 22 04 12 9 21 0 2 15 7 20 0 0 0 0 0
12 25 02 17 24 23 05 18 01 15 20 22 11 16 06 7 14 9 8 0 3 0 13 0 0
13 19 20 04 07 09 21 14 10 16 18 01 05 08 15 11 25 03 0 17 06 22 23 02 12 
08 05 23 01 06 07 22 12 11 0 03 25 14 21 04 02 18 13 10 19 24 16 15 0 20 
0 9 0 0 0 4 13 0 0 8 19 0 0 7 0 0 0 21 20 0 25 1 0 0 11
16 0 11 0 0 0 20 3 0 25 0 23 0 0 9 22 1 6 15 0 4 7 14 0 0
0 17 09 16 0 3 0 0 0 0 0 0 4 0 0 6 12 8 0 13 0 0 0 0 0
14 20 0 7 22 0 16 5 12 0 0 0 21 23 25 4 0 1 0 0 0 0 3 0 0
0 1 0 15 0 20 0 0 4 0 8 0 0 0 0 0 0 0 0 16 14 12 17 19 24
4 0 0 25 0 0 0 0 0 7 0 0 3 0 22 14 0 0 0 0 2 0 10 0 0
3 0 0 0 5 14 25 15 18 13 0 7 0 17 0 0 20 0 22 0 0 11 0 0 23