5
 0  0  0  0  0  0  0  0  0  0  8 10  9  0  0  0  0  0  0 20  0  0  0 17  0
13 23  0  1 17  0  3  0  0  0  5  0 15  0  0  0  0  9 21  0  0  0  0  0  0
 0  0 16  0  0  0  0 11  0  0  0  0  4  0  2  0  0 15 12  7  0  0  0  0  0
 0  0  0  0 21 20  0  0  0  0  0 23  0  0  0  0  0  0 18  0  5  0  0  0  7
 0  0  0  0  0  0  0  0  9  0  0  0  0  0  0  0  0 11  1  0  0  0  0 18  0
 0  0  0  0  0  0  0  6  0 12  0  0 10  0  0  0 22  0  0  0  0  0 11  1  0
17  0 23  0  0  0 14  3  0 18  0  5  6  0 12 19  8  0  0  0 20 22 16  0  0
 0 20  0  0 24  0  0 23  0  0  2  0  0  4 18  0  0  0  0 12 19  0  0  0 21
 0 19  0 10  0  0  0  0  0 24  0 13 23 11  1  0  0  0  0  0  0  5  0  0  0
12  0  5  6  0  0  0  8 10  0  0  0  0  0  0  0  0  0  0  0  0  0  0  0  0
18  2 14  0  0  0  7  0  0  0  0 19  0  0  9 25 20  0 16  0  0  0  0  0  1
 0 17 13  0  0  0  0  0  0  0  0  0  0  0  0  0  0  8  0  0  0  0 22  0  0
 0  0  0  0  0  0  0  0 23  0  0  0 24  3  4  0  0  5  0 15  0  0  8  0  0
 0  0  0  8  0  0 25  0  0  0  0 17  0  0 11 18  0 14  3  4  0  0  0  0  0
 0 12  7  5  0  9 21  0  8  0 24  0  0  0  0  0 17 13  0  0  0  2  0  3  4
 0  0  2  0  0 15  0  0  0  0  9  0  0  8 10  0  0  0  0  0  0 17  0  0 11
 0  1 17  0  0  4  0  0  0  0 15  0  0  0  6  0  0  0  0  0  0  0  0  0  0
 0 24  0 20 22  0  0  0  0  0  0  0  0  0  3  0  0  7  0  6  9  0  0  0 10
10  0  0  0  0  0  0  0  0  0 11  0  0  0  0  0 18  2  0  0  0 12  0  0  6
 0  0  0  7  0  0  0  0  0  0 16 24  0  0 22  0  0  0  0 23  4 18  0  0  0
 0  0  0  0 14  0  0  0  0  5  0  9 21  0  0 16 24  0 20  0  0  1  0  0  0
 0 11  0  0 13  0  4 18  2  0  6 15 12  0  5  0  9  0  0  0  0  0  0  0  0
22  0 24  0  0 23  0  0 17  0  0  0  0  2 14  0  0 12  0  5  0  0  0  0  0
 0 10  9  0  0  0 16 24  0  0 23 11  0 17  0  3  4  0  0  0  0 15  0  0  0
 0  0  0  0  0  0  0  0 21  0 22  0 24 25  0 23  0  0  0  0  3  0  0  0  0